#phi_QP	dphi	mean_N dmean_N
25.0     0.5     23.1    1.5
20.0     0.5     23.3    1.5
15.0     0.5     29.3    1.7
10.0     0.5     45.79   2.3
5.0      0.5     44.3    2.1
0.0      0.5     35.1    1.9
30.0     0.5     17.1    1.3
35.0     0.5     21.8    1.5
40.0     0.5     26.5    1.6
45.0     0.5     46.8    2.2
50.0     0.5     50.0    2.2
55.0     0.5     40.5    2.0
51.0     0.5     51.63   2.2
52.0     0.5     48.4    2.2
53.0     0.5     47.7    2.2
49.0     0.5     48.3    2.2
48.0     0.5     44.34   2.2
11.0     0.5     34.5    1.9
9.0      0.5     39.8    2.0
10.0     0.5     39.6    2.0
8.0      0.5     42.54   2.0
7.0      0.5     41.8    2.0
6.0      0.5     46.3    2.2
4.0      0.5     43.53   1.5