#phi_QP	dphi	correlation_counts	sqrt(N)
25	0.5	18.9	4.347413024
25	0.5	20.9	4.57165178
25	0.5	21.9	4.679743583
25	0.5	20.9	4.57165178
25	0.5	23.9	4.888762625
25	0.5	24.9	4.98998998
25	0.5	24.9	4.98998998
25	0.5	31.9	5.648008499
25	0.5	21.9	4.679743583
25	0.5	20.9	4.57165178
20	0.5	19.9	4.460941605
20	0.5	23.9	4.888762625
20	0.5	25.9	5.08920426
20	0.5	23.9	4.888762625
20	0.5	19.9	4.460941605
20	0.5	20.9	4.57165178
20	0.5	26.9	5.186520992
20	0.5	21.9	4.679743583
20	0.5	22.9	4.785394446
20	0.5	26.9	5.186520992
15	0.5	30.9	5.558776844
15	0.5	35.9	5.991660872
15	0.5	32.9	5.73585216
15	0.5	31.9	5.648008499
15	0.5	23.9	4.888762625
15	0.5	32.9	5.73585216
15	0.5	22.9	4.785394446
15	0.5	26.9	5.186520992
15	0.5	29.9	5.468089246
15	0.5	24.9	4.98998998
10	0.5	41.9	6.473020933
10	0.5	41.9	6.473020933
10	0.5	61.9	7.867655305
10	0.5	45.9	6.774953874
10	0.5	32.9	5.73585216
10	0.5	45.9	6.774953874
10	0.5	55.9	7.476630257
10	0.5	48.9	6.992853495
10	0.5	36.9	6.074537019
5	0.5	44.9	6.700746227
5	0.5	46.9	6.848357467
5	0.5	47.9	6.920982589
5	0.5	49.9	7.063993205
5	0.5	28.9	5.375872022
5	0.5	50.9	7.134423593
5	0.5	37.9	6.156297589
5	0.5	47.9	6.920982589
5	0.5	50.9	7.134423593
5	0.5	36.9	6.074537019
0	0.5	37.9	6.156297589
0	0.5	38.9	6.236986452
0	0.5	22.9	4.785394446
0	0.5	45.9	6.774953874
0	0.5	41.9	6.473020933
0	0.5	36.9	6.074537019
0	0.5	42.9	6.549809158
0	0.5	28.9	5.375872022
0	0.5	26.9	5.186520992
0	0.5	27.9	5.282045058
30	0.5	15.9	3.987480407
30	0.5	16.9	4.110960958
30	0.5	23.9	4.888762625
30	0.5	14.9	3.860051813
30	0.5	12.9	3.591656999
30	0.5	19.9	4.460941605
30	0.5	17.9	4.23083916
30	0.5	18.9	4.347413024
30	0.5	12.9	3.591656999
30	0.5	16.9	4.110960958
35	0.5	25.9	5.08920426
35	0.5	19.9	4.460941605
35	0.5	24.9	4.98998998
35	0.5	21.9	4.679743583
35	0.5	20.9	4.57165178
35	0.5	24.9	4.98998998
35	0.5	16.9	4.110960958
35	0.5	16.9	4.110960958
35	0.5	23.9	4.888762625
35	0.5	21.9	4.679743583
40	0.5	25.9	5.08920426
40	0.5	24.9	4.98998998
40	0.5	30.9	5.558776844
40	0.5	19.9	4.460941605
40	0.5	20.9	4.57165178
40	0.5	33.9	5.822370651
40	0.5	26.9	5.186520992
40	0.5	33.9	5.822370651
40	0.5	23.9	4.888762625
40	0.5	23.9	4.888762625
45	0.5	53.9	7.341661937
45	0.5	56.9	7.543208866
45	0.5	37.9	6.156297589
45	0.5	51.9	7.204165462
45	0.5	46.9	6.848357467
45	0.5	44.9	6.700746227
45	0.5	46.9	6.848357467
45	0.5	45.9	6.774953874
45	0.5	34.9	5.907622195
45	0.5	47.9	6.920982589
50	0.5	61.9	7.867655305
50	0.5	56.9	7.543208866
50	0.5	43.9	6.625707509
50	0.5	39.9	6.316644679
50	0.5	57.9	7.609204952
50	0.5	41.9	6.473020933
50	0.5	49.9	7.063993205
50	0.5	43.9	6.625707509
50	0.5	60.9	7.803845206
50	0.5	42.9	6.549809158
55	0.5	55.9	7.476630257
55	0.5	36.9	6.074537019
55	0.5	29.9	5.468089246
55	0.5	40.9	6.395310782
55	0.5	43.9	6.625707509
55	0.5	32.9	5.73585216
55	0.5	42.9	6.549809158
55	0.5	40.9	6.395310782
55	0.5	43.9	6.625707509
55	0.5	36.9	6.074537019
51	0.5	58.9	7.674633542
51	0.5	44.9	6.700746227
51	0.5	50.9	7.134423593
51	0.5	50.9	7.134423593
51	0.5	65.9	8.117881497
51	0.5	53.9	7.341661937
51	0.5	37.9	6.156297589
51	0.5	53.9	7.341661937
51	0.5	44.9	6.700746227
51	0.5	57.9	7.609204952
51	0.5	47.9	6.920982589
52	0.5	38.9	6.236986452
52	0.5	48.9	6.992853495
52	0.5	55.9	7.476630257
52	0.5	39.9	6.316644679
52	0.5	50.9	7.134423593
52	0.5	59.9	7.739509028
52	0.5	39.9	6.316644679
52	0.5	46.9	6.848357467
52	0.5	50.9	7.134423593
52	0.5	51.9	7.204165462
53	0.5	52.9	7.273238618
53	0.5	46.9	6.848357467
53	0.5	31.9	5.648008499
53	0.5	41.9	6.473020933
53	0.5	42.9	6.549809158
53	0.5	55.9	7.476630257
53	0.5	51.9	7.204165462
53	0.5	42.9	6.549809158
53	0.5	56.9	7.543208866
53	0.5	52.9	7.273238618
49	0.5	51.9	7.204165462
49	0.5	46.9	6.848357467
49	0.5	46.9	6.848357467
49	0.5	61.9	7.867655305
49	0.5	58.9	7.674633542
49	0.5	33.9	5.822370651
49	0.5	47.9	6.920982589
49	0.5	50.9	7.134423593
49	0.5	46.9	6.848357467
49	0.5	36.9	6.074537019
48	0.5	37.9	6.156297589
48	0.5	45.9	6.774953874
48	0.5	48.9	6.992853495
48	0.5	41.9	6.473020933
48	0.5	47.9	6.920982589
48	0.5	55.9	7.476630257
48	0.5	35.9	5.991660872
48	0.5	40.9	6.395310782
48	0.5	43.9	6.625707509
11	0.5	32.9	5.73585216
11	0.5	31.9	5.648008499
11	0.5	31.9	5.648008499
11	0.5	44.9	6.700746227
11	0.5	41.9	6.473020933
11	0.5	22.9	4.785394446
11	0.5	34.9	5.907622195
11	0.5	38.9	6.236986452
11	0.5	31.9	5.648008499
11	0.5	32.9	5.73585216
9	0.5	39.9	6.316644679
9	0.5	41.9	6.473020933
9	0.5	46.9	6.848357467
9	0.5	36.9	6.074537019
9	0.5	39.9	6.316644679
9	0.5	34.9	5.907622195
9	0.5	37.9	6.156297589
9	0.5	31.9	5.648008499
9	0.5	39.9	6.316644679
9	0.5	47.9	6.920982589
10	0.5	36.9	6.074537019
10	0.5	41.9	6.473020933
10	0.5	40.9	6.395310782
10	0.5	37.9	6.156297589
10	0.5	33.9	5.822370651
10	0.5	35.9	5.991660872
10	0.5	43.9	6.625707509
10	0.5	39.9	6.316644679
10	0.5	45.9	6.774953874
10	0.5	38.9	6.236986452
8	0.5	44.9	6.700746227
8	0.5	39.9	6.316644679
8	0.5	43.9	6.625707509
8	0.5	44.9	6.700746227
8	0.5	31.9	5.648008499
8	0.5	46.9	6.848357467
8	0.5	34.9	5.907622195
8	0.5	43.9	6.625707509
8	0.5	42.9	6.549809158
8	0.5	36.9	6.074537019
8	0.5	56.9	7.543208866
7	0.5	36.9	6.074537019
7	0.5	47.9	6.920982589
7	0.5	51.9	7.204165462
7	0.5	33.9	5.822370651
7	0.5	46.9	6.848357467
7	0.5	45.9	6.774953874
7	0.5	34.9	5.907622195
7	0.5	52.9	7.273238618
7	0.5	34.9	5.907622195
7	0.5	31.9	5.648008499
6	0.5	45.9	6.774953874
6	0.5	44.9	6.700746227
6	0.5	51.9	7.204165462
6	0.5	40.9	6.395310782
6	0.5	43.9	6.625707509
6	0.5	47.9	6.920982589
6	0.5	39.9	6.316644679
6	0.5	48.9	6.992853495
6	0.5	49.9	7.063993205
6	0.5	48.9	6.992853495
4	0.5	44.9	6.700746227
4	0.5	37.9	6.156297589
4	0.5	45.9	6.774953874
4	0.5	50.9	7.134423593
4	0.5	32.9	5.73585216
4	0.5	40.9	6.395310782
4	0.5	57.9	7.609204952
4	0.5	51.9	7.204165462
4	0.5	41.9	6.473020933
4	0.5	39.9	6.316644679
4	0.5	43.9	6.625707509
4	0.5	43.9	6.625707509
4	0.5	42.9	6.549809158
4	0.5	34.9	5.907622195
4	0.5	36.9	6.074537019
4	0.5	46.9	6.848357467
4	0.5	35.9	5.991660872
4	0.5	53.9	7.341661937
4	0.5	42.9	6.549809158
