0.0      0.5     110.57          4.3
5.0      0.5     125.23          4.6
10.0     0.5     125.57          3.7
15.0     0.5     109.54          2.8
20.0     0.5     100.76          3.8
25.0     0.5     85.28   3.3
30.0     0.5     68.47   3.1
35.0     0.5     46.4    2.4
40.0     0.5     24.65   1.8
45.0     0.5     11.04   1.3
50.0     0.5     2.2     0.6
55.0     0.5     1.11    0.3
60.0     0.5     9.11    1.0
65.0     0.5     20.27   1.6
70.0     0.5     40.2    2.0
75.0     0.5     58.82   2.2
80.0     0.5     79.36   2.5
85.0     0.5     99.7    3.2
90.0     0.5     111.63          3.2