#Channel	Counts
0	0
1	0
2	0
3	0
4	0
5	0
6	0
7	0
8	0
9	0
10	0
11	0
12	0
13	0
14	0
15	0
16	0
17	0
18	0
19	0
20	0
21	0
22	0
23	0
24	0
25	0
26	0
27	0
28	0
29	0
30	0
31	0
32	0
33	0
34	0
35	0
36	0
37	0
38	0
39	0
40	0
41	0
42	0
43	0
44	0
45	0
46	0
47	0
48	0
49	0
50	0
51	0
52	0
53	0
54	0
55	0
56	0
57	0
58	0
59	0
60	0
61	0
62	0
63	0
64	0
65	0
66	0
67	0
68	0
69	0
70	0
71	0
72	0
73	0
74	0
75	0
76	0
77	0
78	0
79	0
80	0
81	0
82	0
83	0
84	0
85	0
86	0
87	0
88	0
89	0
90	0
91	0
92	0
93	0
94	0
95	0
96	0
97	0
98	0
99	0
100	0
101	0
102	0
103	0
104	0
105	0
106	0
107	0
108	0
109	0
110	0
111	0
112	0
113	0
114	0
115	0
116	0
117	0
118	0
119	0
120	0
121	0
122	0
123	0
124	0
125	0
126	0
127	0
128	0
129	0
130	0
131	0
132	0
133	0
134	0
135	0
136	0
137	0
138	0
139	0
140	0
141	0
142	0
143	0
144	0
145	0
146	0
147	0
148	0
149	0
150	0
151	0
152	0
153	0
154	0
155	0
156	0
157	0
158	0
159	0
160	0
161	0
162	0
163	0
164	0
165	0
166	0
167	0
168	0
169	0
170	0
171	0
172	0
173	0
174	0
175	0
176	0
177	0
178	0
179	0
180	0
181	0
182	0
183	0
184	0
185	0
186	0
187	0
188	0
189	0
190	0
191	0
192	0
193	0
194	0
195	0
196	0
197	0
198	0
199	0
200	0
201	0
202	0
203	0
204	0
205	0
206	0
207	0
208	0
209	0
210	0
211	0
212	0
213	0
214	0
215	0
216	0
217	0
218	0
219	0
220	0
221	0
222	0
223	0
224	0
225	0
226	0
227	0
228	0
229	0
230	0
231	0
232	0
233	0
234	0
235	0
236	0
237	0
238	0
239	0
240	0
241	0
242	0
243	0
244	0
245	0
246	0
247	0
248	0
249	0
250	0
251	0
252	0
253	8
254	26
255	24
256	26
257	26
258	21
259	20
260	26
261	20
262	16
263	16
264	32
265	22
266	19
267	15
268	18
269	23
270	22
271	18
272	22
273	26
274	16
275	22
276	21
277	17
278	24
279	26
280	17
281	26
282	23
283	19
284	15
285	21
286	24
287	17
288	23
289	25
290	29
291	25
292	20
293	22
294	17
295	20
296	20
297	16
298	23
299	13
300	21
301	15
302	25
303	19
304	18
305	11
306	26
307	22
308	9
309	15
310	15
311	27
312	23
313	25
314	24
315	24
316	15
317	19
318	31
319	19
320	27
321	17
322	33
323	31
324	20
325	23
326	26
327	17
328	17
329	24
330	23
331	21
332	21
333	15
334	18
335	17
336	16
337	22
338	28
339	15
340	28
341	20
342	26
343	22
344	23
345	21
346	22
347	22
348	18
349	24
350	12
351	23
352	26
353	24
354	16
355	31
356	30
357	13
358	22
359	21
360	18
361	18
362	17
363	22
364	22
365	25
366	20
367	20
368	18
369	19
370	18
371	18
372	12
373	16
374	18
375	15
376	20
377	11
378	19
379	13
380	18
381	10
382	12
383	11
384	17
385	13
386	10
387	13
388	15
389	10
390	12
391	10
392	11
393	11
394	12
395	10
396	18
397	13
398	14
399	12
400	7
401	9
402	16
403	4
404	11
405	17
406	10
407	9
408	13
409	7
410	6
411	16
412	10
413	17
414	15
415	9
416	14
417	13
418	7
419	12
420	13
421	9
422	6
423	10
424	12
425	8
426	15
427	5
428	9
429	6
430	13
431	9
432	7
433	4
434	9
435	6
436	8
437	3
438	6
439	15
440	8
441	7
442	9
443	15
444	8
445	5
446	13
447	8
448	15
449	11
450	4
451	7
452	9
453	10
454	8
455	8
456	6
457	10
458	7
459	11
460	7
461	6
462	6
463	7
464	5
465	6
466	11
467	7
468	5
469	9
470	11
471	10
472	15
473	7
474	17
475	13
476	14
477	13
478	9
479	9
480	11
481	15
482	16
483	22
484	20
485	24
486	18
487	30
488	28
489	32
490	29
491	50
492	37
493	44
494	37
495	44
496	49
497	45
498	61
499	44
500	60
501	78
502	76
503	81
504	73
505	77
506	97
507	105
508	90
509	100
510	112
511	130
512	127
513	116
514	120
515	124
516	138
517	140
518	126
519	151
520	127
521	123
522	133
523	112
524	148
525	118
526	127
527	124
528	122
529	120
530	109
531	92
532	106
533	105
534	106
535	76
536	70
537	76
538	66
539	69
540	72
541	59
542	53
543	46
544	52
545	45
546	39
547	29
548	30
549	26
550	27
551	31
552	28
553	20
554	20
555	17
556	20
557	11
558	9
559	12
560	17
561	13
562	9
563	12
564	15
565	6
566	12
567	3
568	6
569	12
570	0
571	9
572	7
573	7
574	7
575	1
576	2
577	5
578	4
579	5
580	9
581	4
582	7
583	2
584	3
585	9
586	4
587	9
588	4
589	4
590	7
591	5
592	7
593	9
594	4
595	9
596	10
597	4
598	4
599	5
600	4
601	9
602	4
603	5
604	4
605	8
606	4
607	5
608	7
609	4
610	5
611	6
612	4
613	4
614	7
615	7
616	4
617	4
618	3
619	5
620	3
621	4
622	2
623	3
624	5
625	5
626	2
627	7
628	7
629	3
630	4
631	9
632	2
633	10
634	7
635	7
636	8
637	5
638	4
639	12
640	9
641	5
642	3
643	1
644	3
645	5
646	4
647	5
648	5
649	6
650	5
651	5
652	3
653	4
654	4
655	3
656	2
657	5
658	5
659	2
660	2
661	1
662	7
663	2
664	1
665	5
666	3
667	7
668	4
669	7
670	3
671	5
672	5
673	3
674	4
675	7
676	7
677	2
678	0
679	1
680	4
681	5
682	7
683	7
684	4
685	4
686	6
687	5
688	5
689	5
690	7
691	8
692	3
693	8
694	4
695	5
696	9
697	8
698	5
699	5
700	3
701	5
702	3
703	5
704	4
705	3
706	2
707	3
708	4
709	4
710	5
711	5
712	4
713	7
714	7
715	2
716	5
717	2
718	5
719	2
720	2
721	3
722	3
723	6
724	11
725	2
726	4
727	3
728	8
729	5
730	5
731	7
732	6
733	4
734	3
735	2
736	3
737	7
738	2
739	3
740	2
741	4
742	3
743	6
744	11
745	4
746	5
747	2
748	5
749	10
750	5
751	3
752	7
753	4
754	3
755	4
756	11
757	2
758	3
759	2
760	7
761	4
762	3
763	3
764	4
765	5
766	3
767	3
768	5
769	4
770	0
771	0
772	0
773	0
774	0
775	0
776	0
777	0
778	0
779	0
780	0
781	0
782	0
783	0
784	0
785	0
786	0
787	0
788	0
789	0
790	0
791	0
792	0
793	0
794	0
795	0
796	0
797	0
798	0
799	0
800	0
801	0
802	0
803	0
804	0
805	0
806	0
807	0
808	0
809	0
810	0
811	0
812	0
813	0
814	0
815	0
816	0
817	0
818	0
819	0
820	0
821	0
822	0
823	0
824	0
825	0
826	0
827	0
828	0
829	0
830	0
831	0
832	0
833	0
834	0
835	0
836	0
837	0
838	0
839	0
840	0
841	0
842	0
843	0
844	0
845	0
846	0
847	0
848	0
849	0
850	0
851	0
852	0
853	0
854	0
855	0
856	0
857	0
858	0
859	0
860	0
861	0
862	0
863	0
864	0
865	0
866	0
867	0
868	0
869	0
870	0
871	0
872	0
873	0
874	0
875	0
876	0
877	0
878	0
879	0
880	0
881	0
882	0
883	0
884	0
885	0
886	0
887	0
888	0
889	0
890	0
891	0
892	0
893	0
894	0
895	0
896	0
897	0
898	0
899	0
900	0
901	0
902	0
903	0
904	0
905	0
906	0
907	0
908	0
909	0
910	0
911	0
912	0
913	0
914	0
915	0
916	0
917	0
918	0
919	0
920	0
921	0
922	0
923	0
924	0
925	0
926	0
927	0
928	0
929	0
930	0
931	0
932	0
933	0
934	0
935	0
936	0
937	0
938	0
939	0
940	0
941	0
942	0
943	0
944	0
945	0
946	0
947	0
948	0
949	0
950	0
951	0
952	0
953	0
954	0
955	0
956	0
957	0
958	0
959	0
960	0
961	0
962	0
963	0
964	0
965	0
966	0
967	0
968	0
969	0
970	0
971	0
972	0
973	0
974	0
975	0
976	0
977	0
978	0
979	0
980	0
981	0
982	0
983	0
984	0
985	0
986	0
987	0
988	0
989	0
990	0
991	0
992	0
993	0
994	0
995	0
996	0
997	0
998	0
999	0
1000	0
1001	0
1002	0
1003	0
1004	0
1005	0
1006	0
1007	0
1008	0
1009	0
1010	0
1011	0
1012	0
1013	0
1014	0
1015	0
1016	0
1017	0
1018	0
1019	0
1020	0
1021	0
1022	0
1023	0
