#Channel	Counts
0	0
1	0
2	0
3	0
4	0
5	0
6	0
7	0
8	0
9	0
10	0
11	0
12	0
13	0
14	0
15	0
16	0
17	0
18	0
19	0
20	0
21	0
22	0
23	0
24	0
25	0
26	0
27	0
28	0
29	0
30	0
31	0
32	0
33	0
34	0
35	0
36	0
37	0
38	0
39	0
40	0
41	0
42	0
43	0
44	0
45	0
46	0
47	0
48	0
49	0
50	0
51	0
52	0
53	0
54	0
55	0
56	0
57	0
58	0
59	0
60	0
61	0
62	0
63	0
64	0
65	0
66	0
67	0
68	0
69	0
70	0
71	0
72	0
73	0
74	0
75	0
76	0
77	0
78	0
79	0
80	0
81	0
82	0
83	0
84	0
85	0
86	0
87	0
88	0
89	0
90	0
91	0
92	0
93	0
94	0
95	0
96	0
97	0
98	0
99	0
100	0
101	0
102	0
103	0
104	0
105	0
106	0
107	0
108	0
109	0
110	0
111	0
112	0
113	0
114	0
115	0
116	0
117	0
118	0
119	0
120	0
121	0
122	0
123	0
124	0
125	0
126	0
127	0
128	0
129	0
130	0
131	0
132	0
133	0
134	0
135	0
136	0
137	0
138	0
139	0
140	0
141	0
142	0
143	0
144	0
145	0
146	0
147	0
148	0
149	0
150	0
151	0
152	0
153	0
154	0
155	0
156	0
157	0
158	0
159	0
160	0
161	0
162	0
163	0
164	0
165	0
166	0
167	0
168	0
169	0
170	0
171	0
172	0
173	0
174	0
175	0
176	0
177	0
178	0
179	0
180	0
181	0
182	0
183	0
184	0
185	0
186	0
187	0
188	0
189	0
190	0
191	0
192	0
193	0
194	0
195	0
196	0
197	0
198	0
199	0
200	0
201	0
202	0
203	0
204	0
205	0
206	0
207	0
208	0
209	0
210	0
211	0
212	0
213	0
214	0
215	0
216	0
217	0
218	0
219	0
220	0
221	0
222	0
223	0
224	0
225	0
226	0
227	0
228	0
229	0
230	0
231	0
232	0
233	0
234	0
235	0
236	0
237	0
238	0
239	0
240	0
241	0
242	0
243	0
244	0
245	0
246	0
247	0
248	0
249	0
250	0
251	0
252	0
253	4
254	24
255	25
256	16
257	20
258	32
259	36
260	21
261	17
262	20
263	21
264	15
265	21
266	19
267	31
268	15
269	38
270	22
271	28
272	18
273	17
274	22
275	26
276	22
277	20
278	23
279	27
280	27
281	30
282	19
283	19
284	22
285	16
286	25
287	22
288	17
289	21
290	20
291	23
292	23
293	20
294	17
295	24
296	27
297	20
298	18
299	21
300	24
301	11
302	25
303	25
304	21
305	22
306	18
307	19
308	22
309	22
310	21
311	29
312	30
313	30
314	26
315	22
316	18
317	24
318	21
319	27
320	29
321	17
322	20
323	37
324	27
325	26
326	29
327	30
328	29
329	25
330	20
331	21
332	23
333	16
334	26
335	24
336	19
337	20
338	19
339	25
340	29
341	21
342	18
343	23
344	19
345	21
346	22
347	20
348	28
349	22
350	22
351	19
352	19
353	12
354	17
355	22
356	21
357	25
358	22
359	26
360	15
361	12
362	15
363	19
364	15
365	21
366	16
367	23
368	19
369	18
370	15
371	15
372	13
373	16
374	17
375	16
376	13
377	10
378	14
379	18
380	16
381	10
382	11
383	12
384	12
385	17
386	8
387	16
388	11
389	15
390	15
391	14
392	11
393	10
394	6
395	12
396	9
397	14
398	11
399	19
400	8
401	12
402	8
403	10
404	14
405	9
406	19
407	10
408	11
409	12
410	14
411	8
412	11
413	8
414	9
415	12
416	5
417	8
418	11
419	10
420	10
421	4
422	6
423	7
424	9
425	10
426	2
427	8
428	3
429	8
430	7
431	12
432	3
433	8
434	14
435	9
436	12
437	7
438	4
439	8
440	10
441	8
442	9
443	5
444	8
445	8
446	6
447	6
448	5
449	6
450	7
451	7
452	9
453	9
454	11
455	9
456	10
457	11
458	9
459	4
460	7
461	6
462	10
463	5
464	11
465	11
466	12
467	12
468	16
469	13
470	14
471	10
472	12
473	12
474	12
475	18
476	20
477	15
478	14
479	21
480	27
481	19
482	22
483	24
484	40
485	26
486	38
487	40
488	38
489	41
490	49
491	50
492	48
493	45
494	62
495	59
496	75
497	70
498	89
499	91
500	94
501	83
502	106
503	116
504	114
505	127
506	128
507	120
508	150
509	121
510	143
511	149
512	159
513	148
514	154
515	136
516	147
517	145
518	132
519	151
520	151
521	152
522	137
523	115
524	128
525	114
526	122
527	86
528	127
529	96
530	100
531	94
532	85
533	70
534	72
535	84
536	56
537	54
538	44
539	54
540	33
541	31
542	32
543	39
544	41
545	22
546	31
547	29
548	15
549	22
550	17
551	10
552	19
553	15
554	8
555	14
556	15
557	16
558	6
559	8
560	6
561	7
562	6
563	3
564	8
565	9
566	5
567	2
568	5
569	4
570	10
571	3
572	7
573	7
574	3
575	5
576	9
577	5
578	7
579	4
580	6
581	9
582	1
583	4
584	3
585	5
586	5
587	4
588	7
589	6
590	6
591	7
592	7
593	4
594	2
595	4
596	5
597	2
598	4
599	2
600	4
601	7
602	7
603	6
604	6
605	2
606	7
607	3
608	5
609	1
610	2
611	3
612	9
613	6
614	1
615	1
616	7
617	5
618	3
619	5
620	3
621	6
622	4
623	2
624	9
625	4
626	5
627	5
628	9
629	1
630	8
631	3
632	5
633	4
634	10
635	2
636	4
637	4
638	5
639	5
640	2
641	8
642	6
643	3
644	5
645	8
646	3
647	3
648	3
649	5
650	4
651	5
652	5
653	1
654	4
655	3
656	3
657	4
658	5
659	4
660	0
661	3
662	4
663	7
664	1
665	6
666	0
667	2
668	1
669	8
670	10
671	0
672	7
673	4
674	5
675	2
676	4
677	2
678	5
679	3
680	1
681	6
682	7
683	6
684	6
685	2
686	1
687	6
688	3
689	5
690	3
691	1
692	6
693	4
694	2
695	3
696	4
697	6
698	4
699	2
700	4
701	2
702	4
703	5
704	6
705	4
706	4
707	4
708	2
709	5
710	4
711	0
712	3
713	2
714	4
715	6
716	4
717	4
718	4
719	7
720	3
721	4
722	5
723	2
724	6
725	3
726	4
727	3
728	5
729	2
730	7
731	9
732	3
733	1
734	1
735	8
736	6
737	3
738	6
739	3
740	6
741	3
742	3
743	3
744	6
745	4
746	5
747	6
748	2
749	3
750	7
751	4
752	6
753	3
754	5
755	3
756	2
757	5
758	2
759	7
760	3
761	4
762	2
763	5
764	5
765	2
766	3
767	3
768	4
769	1
770	0
771	0
772	0
773	0
774	0
775	0
776	0
777	0
778	0
779	0
780	0
781	0
782	0
783	0
784	0
785	0
786	0
787	0
788	0
789	0
790	0
791	0
792	0
793	0
794	0
795	0
796	0
797	0
798	0
799	0
800	0
801	0
802	0
803	0
804	0
805	0
806	0
807	0
808	0
809	0
810	0
811	0
812	0
813	0
814	0
815	0
816	0
817	0
818	0
819	0
820	0
821	0
822	0
823	0
824	0
825	0
826	0
827	0
828	0
829	0
830	0
831	0
832	0
833	0
834	0
835	0
836	0
837	0
838	0
839	0
840	0
841	0
842	0
843	0
844	0
845	0
846	0
847	0
848	0
849	0
850	0
851	0
852	0
853	0
854	0
855	0
856	0
857	0
858	0
859	0
860	0
861	0
862	0
863	0
864	0
865	0
866	0
867	0
868	0
869	0
870	0
871	0
872	0
873	0
874	0
875	0
876	0
877	0
878	0
879	0
880	0
881	0
882	0
883	0
884	0
885	0
886	0
887	0
888	0
889	0
890	0
891	0
892	0
893	0
894	0
895	0
896	0
897	0
898	0
899	0
900	0
901	0
902	0
903	0
904	0
905	0
906	0
907	0
908	0
909	0
910	0
911	0
912	0
913	0
914	0
915	0
916	0
917	0
918	0
919	0
920	0
921	0
922	0
923	0
924	0
925	0
926	0
927	0
928	0
929	0
930	0
931	0
932	0
933	0
934	0
935	0
936	0
937	0
938	0
939	0
940	0
941	0
942	0
943	0
944	0
945	0
946	0
947	0
948	0
949	0
950	0
951	0
952	0
953	0
954	0
955	0
956	0
957	0
958	0
959	0
960	0
961	0
962	0
963	0
964	0
965	0
966	0
967	0
968	0
969	0
970	0
971	0
972	0
973	0
974	0
975	0
976	0
977	0
978	0
979	0
980	0
981	0
982	0
983	0
984	0
985	0
986	0
987	0
988	0
989	0
990	0
991	0
992	0
993	0
994	0
995	0
996	0
997	0
998	0
999	0
1000	0
1001	0
1002	0
1003	0
1004	0
1005	0
1006	0
1007	0
1008	0
1009	0
1010	0
1011	0
1012	0
1013	0
1014	0
1015	0
1016	0
1017	0
1018	0
1019	0
1020	0
1021	0
1022	0
1023	0
