#Channel	Counts
0	0
1	0
2	0
3	0
4	0
5	0
6	0
7	0
8	0
9	0
10	0
11	0
12	0
13	0
14	0
15	0
16	0
17	0
18	0
19	0
20	0
21	0
22	0
23	0
24	0
25	0
26	0
27	0
28	0
29	0
30	0
31	0
32	0
33	0
34	0
35	0
36	0
37	0
38	0
39	0
40	0
41	0
42	0
43	0
44	0
45	0
46	0
47	0
48	0
49	0
50	0
51	0
52	0
53	0
54	0
55	0
56	0
57	0
58	0
59	0
60	0
61	0
62	0
63	0
64	0
65	0
66	0
67	0
68	0
69	0
70	0
71	0
72	0
73	0
74	0
75	0
76	0
77	0
78	0
79	0
80	0
81	0
82	0
83	0
84	0
85	0
86	0
87	0
88	0
89	0
90	0
91	0
92	0
93	0
94	0
95	0
96	0
97	0
98	0
99	0
100	0
101	0
102	0
103	0
104	0
105	0
106	0
107	0
108	0
109	0
110	0
111	0
112	0
113	0
114	0
115	0
116	0
117	0
118	0
119	0
120	0
121	8
122	5
123	12
124	10
125	7
126	13
127	15
128	7
129	8
130	10
131	11
132	16
133	9
134	14
135	19
136	15
137	11
138	11
139	6
140	9
141	11
142	8
143	11
144	17
145	8
146	8
147	13
148	18
149	8
150	19
151	12
152	16
153	16
154	8
155	10
156	16
157	12
158	9
159	12
160	18
161	9
162	17
163	17
164	8
165	12
166	9
167	14
168	18
169	14
170	14
171	13
172	8
173	12
174	20
175	11
176	13
177	13
178	10
179	15
180	18
181	14
182	17
183	16
184	13
185	16
186	12
187	15
188	13
189	14
190	8
191	14
192	11
193	15
194	14
195	13
196	12
197	13
198	15
199	7
200	17
201	20
202	12
203	7
204	12
205	15
206	18
207	10
208	13
209	18
210	18
211	19
212	11
213	17
214	20
215	17
216	11
217	16
218	14
219	14
220	19
221	16
222	12
223	12
224	8
225	13
226	18
227	14
228	11
229	10
230	15
231	19
232	13
233	8
234	9
235	11
236	12
237	20
238	12
239	12
240	15
241	7
242	15
243	9
244	8
245	14
246	8
247	16
248	11
249	14
250	9
251	16
252	15
253	18
254	9
255	18
256	8
257	14
258	12
259	14
260	11
261	15
262	10
263	17
264	15
265	12
266	7
267	15
268	12
269	12
270	17
271	15
272	20
273	12
274	16
275	11
276	9
277	10
278	17
279	14
280	8
281	10
282	12
283	21
284	11
285	13
286	13
287	12
288	11
289	12
290	10
291	8
292	18
293	13
294	5
295	10
296	16
297	13
298	12
299	17
300	16
301	12
302	14
303	12
304	15
305	10
306	10
307	12
308	14
309	13
310	10
311	12
312	9
313	16
314	18
315	13
316	17
317	8
318	20
319	13
320	18
321	8
322	18
323	19
324	19
325	17
326	13
327	11
328	12
329	7
330	14
331	13
332	10
333	15
334	10
335	11
336	13
337	14
338	15
339	11
340	11
341	15
342	14
343	10
344	18
345	16
346	13
347	17
348	15
349	12
350	9
351	16
352	9
353	11
354	12
355	13
356	10
357	10
358	13
359	14
360	10
361	11
362	16
363	7
364	16
365	9
366	11
367	8
368	14
369	10
370	8
371	8
372	4
373	12
374	13
375	7
376	7
377	9
378	9
379	12
380	14
381	10
382	5
383	8
384	9
385	10
386	12
387	8
388	12
389	9
390	5
391	9
392	8
393	10
394	4
395	11
396	9
397	5
398	1
399	9
400	9
401	10
402	13
403	8
404	9
405	8
406	8
407	8
408	11
409	12
410	7
411	10
412	10
413	10
414	7
415	11
416	8
417	6
418	6
419	4
420	14
421	3
422	7
423	5
424	5
425	11
426	8
427	9
428	10
429	4
430	8
431	12
432	5
433	8
434	12
435	12
436	6
437	4
438	13
439	8
440	9
441	1
442	10
443	13
444	3
445	10
446	12
447	8
448	7
449	8
450	8
451	13
452	10
453	9
454	6
455	6
456	6
457	9
458	11
459	10
460	4
461	6
462	8
463	14
464	7
465	5
466	5
467	10
468	16
469	2
470	10
471	10
472	15
473	12
474	13
475	17
476	12
477	10
478	9
479	14
480	17
481	16
482	17
483	17
484	16
485	27
486	28
487	28
488	27
489	26
490	30
491	40
492	39
493	47
494	46
495	42
496	35
497	58
498	46
499	56
500	51
501	55
502	51
503	45
504	52
505	52
506	55
507	69
508	74
509	71
510	62
511	53
512	55
513	60
514	62
515	66
516	70
517	52
518	62
519	45
520	55
521	38
522	49
523	49
524	37
525	43
526	34
527	35
528	24
529	24
530	31
531	30
532	28
533	26
534	26
535	16
536	25
537	17
538	22
539	14
540	12
541	4
542	9
543	11
544	13
545	18
546	9
547	10
548	8
549	6
550	11
551	7
552	12
553	9
554	4
555	11
556	5
557	9
558	8
559	6
560	4
561	5
562	2
563	3
564	5
565	1
566	3
567	8
568	5
569	5
570	1
571	4
572	7
573	5
574	3
575	9
576	8
577	5
578	5
579	8
580	4
581	5
582	9
583	3
584	8
585	3
586	7
587	4
588	4
589	7
590	4
591	2
592	5
593	11
594	3
595	6
596	4
597	3
598	7
599	5
600	2
601	5
602	4
603	1
604	3
605	7
606	5
607	1
608	3
609	4
610	4
611	5
612	5
613	6
614	7
615	3
616	8
617	3
618	4
619	6
620	5
621	4
622	5
623	6
624	8
625	5
626	6
627	4
628	0
629	3
630	1
631	2
632	6
633	5
634	3
635	3
636	3
637	6
638	5
639	1
640	6
641	1
642	7
643	2
644	3
645	3
646	4
647	3
648	1
649	6
650	3
651	5
652	3
653	5
654	7
655	8
656	7
657	6
658	5
659	3
660	7
661	4
662	4
663	6
664	5
665	6
666	5
667	3
668	3
669	7
670	6
671	3
672	7
673	3
674	3
675	7
676	8
677	4
678	7
679	4
680	3
681	1
682	3
683	3
684	2
685	3
686	3
687	6
688	6
689	3
690	6
691	4
692	3
693	1
694	2
695	3
696	5
697	4
698	2
699	5
700	2
701	7
702	7
703	5
704	4
705	2
706	5
707	5
708	5
709	4
710	5
711	2
712	5
713	3
714	5
715	2
716	4
717	4
718	4
719	5
720	6
721	3
722	3
723	5
724	3
725	6
726	3
727	2
728	5
729	4
730	6
731	3
732	1
733	6
734	3
735	6
736	0
737	5
738	3
739	6
740	3
741	3
742	2
743	5
744	6
745	5
746	1
747	3
748	4
749	7
750	1
751	4
752	4
753	1
754	8
755	2
756	5
757	3
758	7
759	3
760	2
761	4
762	2
763	3
764	6
765	3
766	7
767	5
768	4
769	4
770	3
771	2
772	1
773	3
774	5
775	3
776	2
777	0
778	4
779	3
780	2
781	4
782	3
783	2
784	3
785	2
786	2
787	2
788	7
789	2
790	4
791	3
792	3
793	3
794	2
795	2
796	1
797	1
798	4
799	2
800	10
801	6
802	2
803	2
804	2
805	2
806	5
807	8
808	4
809	4
810	2
811	1
812	6
813	6
814	5
815	2
816	1
817	2
818	6
819	2
820	7
821	3
822	1
823	2
824	9
825	4
826	8
827	8
828	0
829	7
830	4
831	3
832	3
833	1
834	2
835	5
836	5
837	4
838	7
839	4
840	2
841	3
842	3
843	5
844	1
845	7
846	5
847	6
848	2
849	4
850	6
851	2
852	2
853	4
854	3
855	1
856	4
857	3
858	2
859	1
860	5
861	3
862	1
863	4
864	5
865	1
866	3
867	0
868	4
869	5
870	3
871	4
872	2
873	2
874	7
875	3
876	0
877	5
878	0
879	6
880	3
881	6
882	4
883	4
884	3
885	2
886	3
887	2
888	4
889	3
890	6
891	2
892	3
893	7
894	4
895	3
896	2
897	1
898	2
899	6
900	1
901	3
902	4
903	1
904	2
905	1
906	2
907	3
908	0
909	0
910	0
911	0
912	0
913	0
914	0
915	0
916	0
917	0
918	0
919	0
920	0
921	0
922	0
923	0
924	0
925	0
926	0
927	0
928	0
929	0
930	0
931	0
932	0
933	0
934	0
935	0
936	0
937	0
938	0
939	0
940	0
941	0
942	0
943	0
944	0
945	0
946	0
947	0
948	0
949	0
950	0
951	0
952	0
953	0
954	0
955	0
956	0
957	0
958	0
959	0
960	0
961	0
962	0
963	0
964	0
965	0
966	0
967	0
968	0
969	0
970	0
971	0
972	0
973	0
974	0
975	0
976	0
977	0
978	0
979	0
980	0
981	0
982	0
983	0
984	0
985	0
986	0
987	0
988	0
989	0
990	0
991	0
992	0
993	0
994	0
995	0
996	0
997	0
998	0
999	0
1000	0
1001	0
1002	0
1003	0
1004	0
1005	0
1006	0
1007	0
1008	0
1009	0
1010	0
1011	0
1012	0
1013	0
1014	0
1015	0
1016	0
1017	0
1018	0
1019	0
1020	0
1021	0
1022	0
1023	0
