#Channel	Counts
0	0
1	0
2	0
3	0
4	0
5	0
6	0
7	0
8	0
9	0
10	0
11	0
12	0
13	0
14	0
15	0
16	0
17	0
18	0
19	0
20	0
21	0
22	0
23	0
24	0
25	0
26	0
27	0
28	0
29	0
30	0
31	0
32	0
33	0
34	0
35	0
36	0
37	0
38	0
39	0
40	0
41	0
42	0
43	0
44	0
45	0
46	0
47	0
48	0
49	0
50	0
51	0
52	0
53	0
54	0
55	0
56	0
57	0
58	0
59	0
60	0
61	0
62	0
63	0
64	0
65	0
66	0
67	0
68	0
69	0
70	0
71	0
72	0
73	0
74	0
75	0
76	0
77	0
78	0
79	0
80	0
81	0
82	0
83	0
84	0
85	0
86	0
87	0
88	0
89	0
90	0
91	0
92	0
93	0
94	0
95	0
96	0
97	0
98	0
99	0
100	0
101	0
102	0
103	0
104	0
105	0
106	0
107	0
108	0
109	0
110	0
111	0
112	0
113	0
114	0
115	0
116	0
117	0
118	0
119	0
120	0
121	0
122	0
123	0
124	0
125	0
126	0
127	0
128	0
129	0
130	0
131	0
132	0
133	0
134	0
135	0
136	0
137	0
138	0
139	0
140	0
141	0
142	0
143	0
144	0
145	0
146	0
147	0
148	0
149	0
150	0
151	0
152	0
153	0
154	0
155	0
156	0
157	0
158	0
159	0
160	0
161	0
162	0
163	0
164	0
165	0
166	0
167	0
168	0
169	0
170	0
171	0
172	0
173	0
174	0
175	0
176	0
177	0
178	0
179	0
180	0
181	0
182	0
183	0
184	0
185	0
186	0
187	0
188	0
189	0
190	0
191	0
192	0
193	0
194	0
195	0
196	0
197	0
198	0
199	0
200	0
201	0
202	0
203	0
204	0
205	0
206	0
207	0
208	0
209	0
210	0
211	0
212	0
213	0
214	0
215	0
216	0
217	0
218	0
219	0
220	0
221	0
222	0
223	0
224	0
225	0
226	0
227	0
228	0
229	0
230	0
231	0
232	0
233	0
234	0
235	0
236	0
237	0
238	0
239	0
240	0
241	0
242	0
243	0
244	0
245	0
246	0
247	0
248	0
249	0
250	0
251	0
252	0
253	4
254	31
255	21
256	17
257	26
258	16
259	22
260	18
261	19
262	19
263	21
264	25
265	23
266	16
267	15
268	28
269	18
270	22
271	17
272	24
273	16
274	21
275	17
276	16
277	23
278	24
279	34
280	18
281	21
282	16
283	19
284	21
285	19
286	20
287	26
288	25
289	23
290	24
291	15
292	19
293	21
294	20
295	30
296	22
297	22
298	23
299	19
300	15
301	16
302	22
303	18
304	20
305	25
306	28
307	25
308	21
309	19
310	17
311	16
312	24
313	22
314	27
315	23
316	22
317	12
318	16
319	31
320	19
321	28
322	18
323	22
324	20
325	24
326	22
327	18
328	23
329	24
330	18
331	25
332	20
333	17
334	22
335	18
336	28
337	19
338	26
339	21
340	23
341	18
342	19
343	28
344	22
345	21
346	25
347	16
348	28
349	17
350	24
351	18
352	20
353	24
354	16
355	25
356	19
357	14
358	13
359	21
360	15
361	13
362	15
363	18
364	19
365	16
366	17
367	17
368	24
369	18
370	17
371	13
372	9
373	11
374	17
375	18
376	13
377	13
378	15
379	12
380	11
381	12
382	12
383	4
384	16
385	12
386	14
387	12
388	13
389	12
390	11
391	10
392	11
393	11
394	10
395	14
396	7
397	8
398	7
399	13
400	16
401	11
402	8
403	14
404	15
405	10
406	11
407	9
408	10
409	2
410	11
411	8
412	16
413	9
414	10
415	7
416	6
417	13
418	3
419	13
420	10
421	10
422	8
423	6
424	10
425	7
426	12
427	6
428	7
429	2
430	9
431	7
432	8
433	7
434	12
435	5
436	9
437	9
438	12
439	7
440	6
441	12
442	9
443	5
444	11
445	9
446	11
447	7
448	14
449	10
450	7
451	8
452	12
453	13
454	13
455	11
456	9
457	10
458	18
459	13
460	9
461	11
462	9
463	8
464	6
465	11
466	12
467	12
468	13
469	11
470	9
471	10
472	10
473	15
474	12
475	13
476	21
477	21
478	27
479	29
480	33
481	30
482	36
483	38
484	46
485	39
486	36
487	32
488	48
489	51
490	54
491	55
492	76
493	65
494	79
495	84
496	82
497	102
498	116
499	109
500	122
501	114
502	117
503	117
504	113
505	114
506	123
507	127
508	143
509	105
510	130
511	117
512	127
513	124
514	126
515	122
516	129
517	113
518	105
519	118
520	99
521	106
522	99
523	84
524	79
525	78
526	56
527	62
528	60
529	56
530	62
531	53
532	52
533	42
534	52
535	37
536	28
537	30
538	18
539	29
540	24
541	23
542	22
543	21
544	16
545	13
546	13
547	13
548	21
549	11
550	8
551	7
552	8
553	4
554	8
555	13
556	7
557	8
558	6
559	7
560	5
561	1
562	8
563	8
564	8
565	8
566	8
567	4
568	6
569	7
570	5
571	7
572	6
573	6
574	4
575	5
576	2
577	4
578	9
579	7
580	3
581	8
582	4
583	8
584	7
585	5
586	5
587	8
588	4
589	6
590	6
591	2
592	6
593	5
594	5
595	5
596	5
597	6
598	1
599	4
600	2
601	5
602	7
603	5
604	3
605	3
606	2
607	5
608	4
609	0
610	5
611	9
612	8
613	4
614	3
615	6
616	7
617	6
618	4
619	2
620	3
621	6
622	2
623	2
624	6
625	4
626	7
627	5
628	2
629	4
630	2
631	6
632	5
633	4
634	3
635	5
636	4
637	6
638	5
639	4
640	3
641	7
642	5
643	4
644	3
645	4
646	5
647	2
648	3
649	3
650	3
651	1
652	4
653	1
654	6
655	3
656	5
657	7
658	2
659	3
660	6
661	6
662	6
663	4
664	8
665	3
666	10
667	3
668	5
669	5
670	5
671	7
672	5
673	5
674	6
675	5
676	4
677	4
678	1
679	7
680	0
681	5
682	4
683	4
684	3
685	2
686	2
687	3
688	4
689	7
690	5
691	3
692	4
693	5
694	9
695	5
696	9
697	5
698	9
699	4
700	7
701	1
702	0
703	11
704	5
705	1
706	3
707	5
708	8
709	7
710	2
711	5
712	4
713	2
714	5
715	7
716	6
717	6
718	3
719	4
720	5
721	6
722	2
723	5
724	3
725	4
726	1
727	3
728	4
729	4
730	5
731	3
732	4
733	2
734	3
735	9
736	4
737	4
738	2
739	4
740	5
741	4
742	4
743	3
744	3
745	8
746	5
747	5
748	2
749	7
750	6
751	6
752	3
753	4
754	5
755	7
756	2
757	3
758	2
759	2
760	6
761	4
762	8
763	1
764	5
765	8
766	6
767	3
768	6
769	2
770	0
771	0
772	0
773	0
774	0
775	0
776	0
777	0
778	0
779	0
780	0
781	0
782	0
783	0
784	0
785	0
786	0
787	0
788	0
789	0
790	0
791	0
792	0
793	0
794	0
795	0
796	0
797	0
798	0
799	0
800	0
801	0
802	0
803	0
804	0
805	0
806	0
807	0
808	0
809	0
810	0
811	0
812	0
813	0
814	0
815	0
816	0
817	0
818	0
819	0
820	0
821	0
822	0
823	0
824	0
825	0
826	0
827	0
828	0
829	0
830	0
831	0
832	0
833	0
834	0
835	0
836	0
837	0
838	0
839	0
840	0
841	0
842	0
843	0
844	0
845	0
846	0
847	0
848	0
849	0
850	0
851	0
852	0
853	0
854	0
855	0
856	0
857	0
858	0
859	0
860	0
861	0
862	0
863	0
864	0
865	0
866	0
867	0
868	0
869	0
870	0
871	0
872	0
873	0
874	0
875	0
876	0
877	0
878	0
879	0
880	0
881	0
882	0
883	0
884	0
885	0
886	0
887	0
888	0
889	0
890	0
891	0
892	0
893	0
894	0
895	0
896	0
897	0
898	0
899	0
900	0
901	0
902	0
903	0
904	0
905	0
906	0
907	0
908	0
909	0
910	0
911	0
912	0
913	0
914	0
915	0
916	0
917	0
918	0
919	0
920	0
921	0
922	0
923	0
924	0
925	0
926	0
927	0
928	0
929	0
930	0
931	0
932	0
933	0
934	0
935	0
936	0
937	0
938	0
939	0
940	0
941	0
942	0
943	0
944	0
945	0
946	0
947	0
948	0
949	0
950	0
951	0
952	0
953	0
954	0
955	0
956	0
957	0
958	0
959	0
960	0
961	0
962	0
963	0
964	0
965	0
966	0
967	0
968	0
969	0
970	0
971	0
972	0
973	0
974	0
975	0
976	0
977	0
978	0
979	0
980	0
981	0
982	0
983	0
984	0
985	0
986	0
987	0
988	0
989	0
990	0
991	0
992	0
993	0
994	0
995	0
996	0
997	0
998	0
999	0
1000	0
1001	0
1002	0
1003	0
1004	0
1005	0
1006	0
1007	0
1008	0
1009	0
1010	0
1011	0
1012	0
1013	0
1014	0
1015	0
1016	0
1017	0
1018	0
1019	0
1020	0
1021	0
1022	0
1023	0
