#Channel	Counts
0	0
1	0
2	0
3	0
4	0
5	0
6	0
7	0
8	0
9	0
10	0
11	0
12	0
13	0
14	0
15	0
16	0
17	0
18	0
19	0
20	0
21	0
22	0
23	0
24	0
25	0
26	0
27	0
28	0
29	0
30	0
31	0
32	0
33	0
34	0
35	0
36	0
37	0
38	0
39	0
40	0
41	0
42	0
43	0
44	0
45	0
46	0
47	0
48	0
49	0
50	0
51	0
52	0
53	0
54	0
55	0
56	0
57	0
58	0
59	0
60	0
61	0
62	0
63	0
64	0
65	0
66	0
67	0
68	0
69	0
70	0
71	0
72	0
73	0
74	0
75	0
76	0
77	0
78	0
79	0
80	0
81	0
82	0
83	0
84	0
85	0
86	0
87	0
88	0
89	0
90	0
91	0
92	0
93	0
94	0
95	0
96	0
97	0
98	0
99	0
100	0
101	0
102	0
103	0
104	0
105	0
106	0
107	0
108	0
109	0
110	0
111	0
112	0
113	0
114	0
115	0
116	0
117	0
118	0
119	0
120	0
121	0
122	0
123	0
124	0
125	0
126	0
127	0
128	0
129	0
130	0
131	0
132	0
133	0
134	0
135	0
136	0
137	0
138	0
139	0
140	0
141	0
142	0
143	0
144	0
145	0
146	0
147	0
148	0
149	0
150	0
151	0
152	0
153	0
154	0
155	0
156	0
157	0
158	0
159	0
160	0
161	0
162	0
163	0
164	0
165	0
166	0
167	0
168	0
169	0
170	0
171	0
172	0
173	0
174	0
175	0
176	0
177	0
178	0
179	0
180	0
181	0
182	0
183	0
184	0
185	0
186	0
187	0
188	0
189	0
190	0
191	0
192	0
193	0
194	0
195	0
196	0
197	0
198	0
199	0
200	0
201	0
202	0
203	0
204	0
205	0
206	0
207	0
208	0
209	0
210	0
211	0
212	0
213	0
214	0
215	0
216	0
217	0
218	0
219	0
220	0
221	0
222	0
223	0
224	0
225	0
226	0
227	0
228	0
229	0
230	0
231	0
232	0
233	0
234	0
235	0
236	0
237	0
238	0
239	0
240	0
241	0
242	0
243	0
244	0
245	0
246	0
247	0
248	0
249	0
250	0
251	0
252	0
253	5
254	9
255	18
256	9
257	13
258	10
259	14
260	13
261	14
262	6
263	9
264	11
265	12
266	15
267	17
268	12
269	16
270	7
271	2
272	16
273	21
274	14
275	10
276	14
277	17
278	10
279	17
280	7
281	14
282	12
283	14
284	10
285	17
286	17
287	12
288	18
289	11
290	13
291	7
292	12
293	15
294	17
295	22
296	16
297	12
298	15
299	10
300	13
301	18
302	13
303	15
304	13
305	15
306	17
307	16
308	8
309	8
310	16
311	8
312	14
313	10
314	19
315	19
316	13
317	11
318	16
319	13
320	19
321	12
322	9
323	13
324	15
325	14
326	17
327	20
328	15
329	6
330	16
331	12
332	8
333	13
334	17
335	9
336	11
337	7
338	17
339	13
340	22
341	18
342	17
343	16
344	6
345	18
346	13
347	15
348	11
349	13
350	13
351	8
352	16
353	11
354	13
355	8
356	13
357	10
358	10
359	9
360	14
361	10
362	7
363	13
364	9
365	11
366	8
367	11
368	13
369	16
370	10
371	13
372	8
373	6
374	12
375	16
376	14
377	16
378	12
379	8
380	16
381	12
382	9
383	8
384	10
385	7
386	17
387	15
388	4
389	5
390	14
391	7
392	7
393	16
394	7
395	11
396	10
397	11
398	12
399	12
400	12
401	3
402	13
403	11
404	8
405	4
406	6
407	10
408	16
409	10
410	6
411	11
412	7
413	11
414	11
415	9
416	5
417	10
418	12
419	9
420	12
421	10
422	6
423	6
424	7
425	7
426	9
427	9
428	6
429	10
430	8
431	7
432	5
433	9
434	4
435	7
436	7
437	5
438	7
439	8
440	10
441	2
442	13
443	6
444	8
445	3
446	12
447	8
448	7
449	13
450	6
451	6
452	8
453	8
454	6
455	12
456	8
457	4
458	6
459	3
460	5
461	8
462	10
463	8
464	10
465	6
466	12
467	7
468	17
469	11
470	16
471	15
472	12
473	15
474	16
475	16
476	19
477	20
478	18
479	25
480	25
481	27
482	27
483	35
484	28
485	41
486	53
487	37
488	40
489	50
490	53
491	47
492	57
493	54
494	63
495	61
496	74
497	57
498	72
499	72
500	76
501	60
502	64
503	72
504	71
505	76
506	79
507	74
508	82
509	63
510	68
511	62
512	71
513	75
514	62
515	71
516	49
517	64
518	57
519	48
520	46
521	36
522	43
523	43
524	43
525	37
526	34
527	27
528	29
529	27
530	24
531	28
532	23
533	26
534	17
535	19
536	25
537	12
538	12
539	12
540	13
541	10
542	6
543	8
544	9
545	6
546	6
547	8
548	9
549	9
550	9
551	5
552	8
553	8
554	5
555	5
556	5
557	6
558	8
559	8
560	6
561	5
562	3
563	6
564	10
565	6
566	7
567	2
568	10
569	5
570	3
571	10
572	3
573	7
574	5
575	5
576	4
577	7
578	4
579	3
580	3
581	5
582	6
583	5
584	7
585	6
586	2
587	5
588	6
589	5
590	4
591	5
592	8
593	3
594	4
595	6
596	6
597	5
598	4
599	3
600	3
601	2
602	9
603	4
604	3
605	4
606	10
607	6
608	6
609	7
610	3
611	12
612	5
613	3
614	5
615	6
616	4
617	6
618	6
619	5
620	6
621	4
622	6
623	5
624	2
625	3
626	5
627	3
628	4
629	4
630	4
631	7
632	11
633	9
634	10
635	4
636	5
637	3
638	1
639	2
640	7
641	6
642	1
643	5
644	8
645	4
646	5
647	2
648	6
649	6
650	5
651	6
652	5
653	3
654	6
655	5
656	7
657	3
658	10
659	1
660	9
661	6
662	5
663	4
664	4
665	4
666	4
667	2
668	5
669	4
670	6
671	1
672	8
673	4
674	5
675	3
676	3
677	7
678	3
679	4
680	10
681	6
682	5
683	7
684	2
685	6
686	5
687	2
688	4
689	4
690	3
691	6
692	3
693	4
694	3
695	2
696	5
697	5
698	3
699	5
700	9
701	4
702	1
703	1
704	6
705	4
706	2
707	3
708	2
709	1
710	3
711	5
712	4
713	2
714	2
715	4
716	8
717	4
718	6
719	8
720	5
721	2
722	2
723	2
724	2
725	3
726	6
727	2
728	0
729	7
730	1
731	5
732	3
733	1
734	2
735	4
736	4
737	5
738	3
739	8
740	2
741	4
742	1
743	3
744	3
745	3
746	8
747	4
748	2
749	5
750	1
751	4
752	3
753	4
754	2
755	7
756	4
757	5
758	3
759	5
760	3
761	1
762	3
763	6
764	4
765	2
766	1
767	0
768	0
769	0
770	0
771	0
772	0
773	0
774	0
775	0
776	0
777	0
778	0
779	0
780	0
781	0
782	0
783	0
784	0
785	0
786	0
787	0
788	0
789	0
790	0
791	0
792	0
793	0
794	0
795	0
796	0
797	0
798	0
799	0
800	0
801	0
802	0
803	0
804	0
805	0
806	0
807	0
808	0
809	0
810	0
811	0
812	0
813	0
814	0
815	0
816	0
817	0
818	0
819	0
820	0
821	0
822	0
823	0
824	0
825	0
826	0
827	0
828	0
829	0
830	0
831	0
832	0
833	0
834	0
835	0
836	0
837	0
838	0
839	0
840	0
841	0
842	0
843	0
844	0
845	0
846	0
847	0
848	0
849	0
850	0
851	0
852	0
853	0
854	0
855	0
856	0
857	0
858	0
859	0
860	0
861	0
862	0
863	0
864	0
865	0
866	0
867	0
868	0
869	0
870	0
871	0
872	0
873	0
874	0
875	0
876	0
877	0
878	0
879	0
880	0
881	0
882	0
883	0
884	0
885	0
886	0
887	0
888	0
889	0
890	0
891	0
892	0
893	0
894	0
895	0
896	0
897	0
898	0
899	0
900	0
901	0
902	0
903	0
904	0
905	0
906	0
907	0
908	0
909	0
910	0
911	0
912	0
913	0
914	0
915	0
916	0
917	0
918	0
919	0
920	0
921	0
922	0
923	0
924	0
925	0
926	0
927	0
928	0
929	0
930	0
931	0
932	0
933	0
934	0
935	0
936	0
937	0
938	0
939	0
940	0
941	0
942	0
943	0
944	0
945	0
946	0
947	0
948	0
949	0
950	0
951	0
952	0
953	0
954	0
955	0
956	0
957	0
958	0
959	0
960	0
961	0
962	0
963	0
964	0
965	0
966	0
967	0
968	0
969	0
970	0
971	0
972	0
973	0
974	0
975	0
976	0
977	0
978	0
979	0
980	0
981	0
982	0
983	0
984	0
985	0
986	0
987	0
988	0
989	0
990	0
991	0
992	0
993	0
994	0
995	0
996	0
997	0
998	0
999	0
1000	0
1001	0
1002	0
1003	0
1004	0
1005	0
1006	0
1007	0
1008	0
1009	0
1010	0
1011	0
1012	0
1013	0
1014	0
1015	0
1016	0
1017	0
1018	0
1019	0
1020	0
1021	0
1022	0
1023	0
