#Channel	Counts
0	0
1	0
2	0
3	0
4	0
5	0
6	0
7	0
8	0
9	0
10	0
11	0
12	0
13	0
14	0
15	0
16	0
17	0
18	0
19	0
20	0
21	0
22	0
23	0
24	0
25	0
26	0
27	0
28	0
29	0
30	0
31	0
32	0
33	0
34	0
35	0
36	0
37	0
38	0
39	0
40	0
41	0
42	0
43	0
44	0
45	0
46	0
47	0
48	0
49	0
50	0
51	0
52	0
53	0
54	0
55	0
56	0
57	0
58	0
59	0
60	0
61	0
62	0
63	0
64	0
65	0
66	0
67	0
68	0
69	0
70	0
71	0
72	0
73	0
74	0
75	0
76	0
77	0
78	0
79	0
80	0
81	0
82	0
83	0
84	0
85	0
86	0
87	0
88	0
89	0
90	0
91	0
92	0
93	0
94	0
95	0
96	0
97	0
98	0
99	0
100	0
101	0
102	0
103	0
104	0
105	0
106	0
107	0
108	0
109	0
110	0
111	0
112	0
113	0
114	0
115	0
116	0
117	0
118	0
119	0
120	0
121	0
122	0
123	0
124	0
125	0
126	0
127	0
128	0
129	0
130	0
131	0
132	0
133	0
134	0
135	0
136	0
137	0
138	0
139	0
140	0
141	0
142	0
143	0
144	0
145	0
146	0
147	0
148	0
149	0
150	0
151	0
152	0
153	0
154	0
155	0
156	0
157	0
158	0
159	0
160	0
161	0
162	0
163	0
164	0
165	0
166	0
167	0
168	0
169	0
170	0
171	0
172	0
173	0
174	0
175	0
176	0
177	0
178	0
179	0
180	0
181	0
182	0
183	0
184	0
185	0
186	0
187	0
188	0
189	0
190	0
191	0
192	0
193	0
194	0
195	0
196	0
197	0
198	0
199	0
200	0
201	0
202	0
203	0
204	0
205	0
206	0
207	0
208	0
209	0
210	0
211	0
212	0
213	0
214	0
215	0
216	0
217	0
218	0
219	0
220	0
221	0
222	0
223	0
224	0
225	0
226	0
227	0
228	0
229	0
230	0
231	0
232	0
233	0
234	0
235	0
236	0
237	0
238	0
239	0
240	0
241	0
242	0
243	0
244	0
245	0
246	0
247	0
248	0
249	0
250	0
251	0
252	0
253	3
254	13
255	13
256	16
257	15
258	19
259	29
260	20
261	17
262	14
263	16
264	11
265	9
266	11
267	11
268	18
269	13
270	14
271	15
272	8
273	10
274	15
275	17
276	11
277	15
278	16
279	18
280	19
281	15
282	18
283	17
284	17
285	19
286	10
287	17
288	14
289	22
290	19
291	7
292	20
293	11
294	17
295	14
296	13
297	9
298	21
299	14
300	12
301	11
302	19
303	15
304	18
305	16
306	18
307	13
308	10
309	6
310	20
311	10
312	19
313	10
314	18
315	13
316	14
317	10
318	17
319	10
320	15
321	18
322	15
323	16
324	18
325	14
326	15
327	17
328	10
329	9
330	18
331	19
332	18
333	24
334	17
335	13
336	12
337	15
338	16
339	14
340	15
341	21
342	18
343	10
344	22
345	17
346	24
347	15
348	21
349	11
350	17
351	9
352	8
353	12
354	12
355	17
356	17
357	8
358	16
359	10
360	9
361	13
362	10
363	21
364	13
365	11
366	11
367	12
368	16
369	8
370	8
371	12
372	11
373	14
374	14
375	3
376	10
377	5
378	14
379	8
380	7
381	16
382	6
383	20
384	8
385	11
386	13
387	11
388	13
389	9
390	10
391	16
392	9
393	13
394	8
395	12
396	11
397	14
398	16
399	5
400	13
401	9
402	16
403	8
404	11
405	9
406	14
407	13
408	9
409	6
410	5
411	7
412	9
413	7
414	7
415	12
416	11
417	7
418	11
419	6
420	16
421	8
422	13
423	4
424	3
425	7
426	10
427	5
428	6
429	9
430	10
431	12
432	8
433	6
434	9
435	8
436	9
437	8
438	9
439	13
440	11
441	8
442	5
443	8
444	16
445	5
446	6
447	6
448	7
449	10
450	7
451	7
452	5
453	5
454	12
455	7
456	4
457	10
458	7
459	11
460	11
461	10
462	3
463	5
464	6
465	10
466	9
467	15
468	5
469	12
470	7
471	4
472	7
473	11
474	15
475	10
476	16
477	27
478	13
479	19
480	25
481	17
482	21
483	25
484	31
485	40
486	24
487	25
488	35
489	45
490	47
491	33
492	52
493	45
494	62
495	59
496	69
497	51
498	54
499	76
500	84
501	64
502	71
503	74
504	87
505	76
506	79
507	79
508	61
509	82
510	81
511	71
512	64
513	65
514	76
515	59
516	64
517	66
518	76
519	57
520	52
521	57
522	53
523	42
524	46
525	39
526	52
527	21
528	33
529	32
530	47
531	35
532	32
533	21
534	19
535	32
536	16
537	12
538	12
539	16
540	15
541	18
542	8
543	17
544	8
545	9
546	5
547	11
548	9
549	8
550	11
551	5
552	4
553	6
554	13
555	6
556	10
557	8
558	5
559	2
560	9
561	10
562	6
563	5
564	5
565	3
566	0
567	4
568	3
569	4
570	4
571	5
572	3
573	10
574	4
575	8
576	2
577	3
578	11
579	3
580	7
581	8
582	7
583	4
584	3
585	6
586	7
587	2
588	6
589	5
590	4
591	6
592	5
593	3
594	5
595	4
596	4
597	6
598	4
599	3
600	4
601	5
602	7
603	5
604	6
605	4
606	3
607	5
608	6
609	9
610	2
611	5
612	2
613	1
614	2
615	6
616	9
617	6
618	6
619	0
620	4
621	6
622	7
623	3
624	2
625	4
626	4
627	4
628	2
629	3
630	2
631	5
632	4
633	4
634	4
635	5
636	6
637	2
638	7
639	6
640	5
641	5
642	1
643	5
644	8
645	4
646	5
647	9
648	4
649	6
650	4
651	7
652	5
653	6
654	8
655	5
656	4
657	5
658	3
659	2
660	11
661	5
662	8
663	9
664	3
665	4
666	6
667	5
668	8
669	3
670	3
671	1
672	3
673	5
674	5
675	6
676	4
677	5
678	4
679	8
680	7
681	5
682	2
683	5
684	2
685	4
686	1
687	2
688	1
689	5
690	6
691	3
692	2
693	5
694	5
695	6
696	7
697	5
698	6
699	5
700	4
701	7
702	4
703	4
704	3
705	3
706	10
707	7
708	7
709	1
710	4
711	5
712	3
713	6
714	5
715	8
716	2
717	7
718	3
719	3
720	5
721	1
722	5
723	5
724	4
725	4
726	2
727	7
728	4
729	2
730	2
731	3
732	4
733	3
734	5
735	1
736	5
737	3
738	2
739	2
740	6
741	6
742	4
743	2
744	2
745	4
746	3
747	6
748	4
749	4
750	2
751	5
752	0
753	6
754	0
755	4
756	6
757	6
758	7
759	2
760	2
761	2
762	5
763	0
764	6
765	2
766	3
767	0
768	1
769	2
770	0
771	0
772	0
773	0
774	0
775	0
776	0
777	0
778	0
779	0
780	0
781	0
782	0
783	0
784	0
785	0
786	0
787	0
788	0
789	0
790	0
791	0
792	0
793	0
794	0
795	0
796	0
797	0
798	0
799	0
800	0
801	0
802	0
803	0
804	0
805	0
806	0
807	0
808	0
809	0
810	0
811	0
812	0
813	0
814	0
815	0
816	0
817	0
818	0
819	0
820	0
821	0
822	0
823	0
824	0
825	0
826	0
827	0
828	0
829	0
830	0
831	0
832	0
833	0
834	0
835	0
836	0
837	0
838	0
839	0
840	0
841	0
842	0
843	0
844	0
845	0
846	0
847	0
848	0
849	0
850	0
851	0
852	0
853	0
854	0
855	0
856	0
857	0
858	0
859	0
860	0
861	0
862	0
863	0
864	0
865	0
866	0
867	0
868	0
869	0
870	0
871	0
872	0
873	0
874	0
875	0
876	0
877	0
878	0
879	0
880	0
881	0
882	0
883	0
884	0
885	0
886	0
887	0
888	0
889	0
890	0
891	0
892	0
893	0
894	0
895	0
896	0
897	0
898	0
899	0
900	0
901	0
902	0
903	0
904	0
905	0
906	0
907	0
908	0
909	0
910	0
911	0
912	0
913	0
914	0
915	0
916	0
917	0
918	0
919	0
920	0
921	0
922	0
923	0
924	0
925	0
926	0
927	0
928	0
929	0
930	0
931	0
932	0
933	0
934	0
935	0
936	0
937	0
938	0
939	0
940	0
941	0
942	0
943	0
944	0
945	0
946	0
947	0
948	0
949	0
950	0
951	0
952	0
953	0
954	0
955	0
956	0
957	0
958	0
959	0
960	0
961	0
962	0
963	0
964	0
965	0
966	0
967	0
968	0
969	0
970	0
971	0
972	0
973	0
974	0
975	0
976	0
977	0
978	0
979	0
980	0
981	0
982	0
983	0
984	0
985	0
986	0
987	0
988	0
989	0
990	0
991	0
992	0
993	0
994	0
995	0
996	0
997	0
998	0
999	0
1000	0
1001	0
1002	0
1003	0
1004	0
1005	0
1006	0
1007	0
1008	0
1009	0
1010	0
1011	0
1012	0
1013	0
1014	0
1015	0
1016	0
1017	0
1018	0
1019	0
1020	0
1021	0
1022	0
1023	0
