#Channel	Counts
0	0
1	0
2	0
3	0
4	0
5	0
6	0
7	0
8	0
9	0
10	0
11	0
12	0
13	0
14	0
15	0
16	0
17	0
18	0
19	0
20	0
21	0
22	0
23	0
24	0
25	0
26	0
27	0
28	0
29	0
30	0
31	0
32	0
33	0
34	0
35	0
36	0
37	0
38	0
39	0
40	0
41	0
42	0
43	0
44	0
45	0
46	0
47	0
48	0
49	0
50	0
51	0
52	0
53	0
54	0
55	0
56	0
57	0
58	0
59	0
60	0
61	0
62	0
63	0
64	0
65	0
66	0
67	0
68	0
69	0
70	0
71	0
72	0
73	0
74	0
75	0
76	0
77	0
78	0
79	0
80	0
81	0
82	0
83	0
84	0
85	0
86	0
87	0
88	0
89	0
90	0
91	0
92	0
93	0
94	0
95	0
96	0
97	0
98	0
99	0
100	0
101	0
102	0
103	0
104	0
105	0
106	0
107	0
108	0
109	0
110	0
111	0
112	0
113	0
114	0
115	0
116	0
117	0
118	0
119	0
120	0
121	0
122	0
123	0
124	0
125	0
126	0
127	0
128	0
129	0
130	0
131	0
132	0
133	0
134	0
135	0
136	0
137	0
138	0
139	0
140	0
141	0
142	0
143	0
144	0
145	0
146	0
147	0
148	0
149	0
150	0
151	0
152	0
153	0
154	0
155	0
156	0
157	0
158	0
159	0
160	0
161	0
162	0
163	0
164	0
165	0
166	0
167	0
168	0
169	0
170	0
171	0
172	0
173	0
174	0
175	0
176	0
177	0
178	0
179	0
180	0
181	0
182	0
183	0
184	0
185	0
186	0
187	0
188	0
189	0
190	0
191	0
192	0
193	0
194	0
195	0
196	0
197	0
198	0
199	0
200	0
201	0
202	0
203	0
204	0
205	0
206	0
207	0
208	0
209	0
210	0
211	0
212	0
213	0
214	0
215	0
216	0
217	0
218	0
219	0
220	0
221	0
222	0
223	0
224	0
225	0
226	0
227	0
228	0
229	0
230	0
231	0
232	0
233	0
234	0
235	0
236	0
237	0
238	0
239	0
240	0
241	0
242	0
243	0
244	0
245	0
246	0
247	0
248	0
249	0
250	0
251	0
252	0
253	5
254	9
255	9
256	9
257	12
258	14
259	19
260	10
261	13
262	12
263	15
264	12
265	16
266	10
267	9
268	11
269	15
270	10
271	9
272	10
273	15
274	15
275	10
276	16
277	10
278	10
279	11
280	16
281	9
282	9
283	8
284	11
285	6
286	8
287	11
288	12
289	13
290	11
291	12
292	19
293	13
294	11
295	11
296	13
297	5
298	10
299	9
300	12
301	13
302	11
303	8
304	13
305	10
306	7
307	8
308	11
309	5
310	14
311	12
312	7
313	16
314	7
315	8
316	11
317	11
318	21
319	6
320	15
321	9
322	10
323	15
324	11
325	7
326	9
327	5
328	11
329	13
330	10
331	12
332	7
333	7
334	8
335	7
336	8
337	13
338	8
339	9
340	7
341	9
342	12
343	9
344	11
345	8
346	12
347	11
348	6
349	8
350	13
351	11
352	11
353	7
354	8
355	12
356	6
357	13
358	14
359	10
360	9
361	14
362	6
363	11
364	11
365	6
366	5
367	9
368	4
369	5
370	5
371	9
372	13
373	8
374	7
375	9
376	4
377	6
378	6
379	8
380	8
381	11
382	4
383	13
384	10
385	10
386	6
387	8
388	8
389	5
390	7
391	5
392	9
393	8
394	11
395	9
396	11
397	11
398	7
399	9
400	9
401	6
402	9
403	7
404	9
405	11
406	11
407	7
408	6
409	6
410	9
411	2
412	13
413	7
414	3
415	6
416	3
417	12
418	8
419	9
420	10
421	9
422	7
423	7
424	9
425	7
426	9
427	8
428	6
429	11
430	2
431	7
432	6
433	6
434	8
435	5
436	9
437	4
438	6
439	8
440	8
441	8
442	7
443	5
444	6
445	4
446	1
447	12
448	5
449	11
450	6
451	8
452	9
453	10
454	7
455	8
456	10
457	4
458	6
459	10
460	9
461	6
462	4
463	10
464	8
465	8
466	8
467	6
468	21
469	12
470	14
471	16
472	7
473	12
474	18
475	12
476	11
477	24
478	26
479	22
480	26
481	24
482	24
483	27
484	22
485	30
486	29
487	31
488	33
489	36
490	39
491	35
492	43
493	31
494	55
495	37
496	43
497	43
498	30
499	44
500	41
501	38
502	46
503	43
504	40
505	48
506	45
507	38
508	31
509	47
510	46
511	39
512	25
513	37
514	22
515	32
516	21
517	23
518	28
519	30
520	21
521	34
522	24
523	21
524	18
525	13
526	15
527	12
528	11
529	11
530	15
531	14
532	12
533	4
534	7
535	10
536	10
537	9
538	12
539	5
540	5
541	5
542	8
543	4
544	9
545	6
546	8
547	6
548	10
549	7
550	5
551	8
552	2
553	2
554	4
555	5
556	8
557	4
558	6
559	5
560	8
561	6
562	5
563	8
564	0
565	9
566	2
567	4
568	1
569	7
570	7
571	4
572	2
573	4
574	7
575	7
576	8
577	4
578	4
579	6
580	4
581	4
582	4
583	3
584	5
585	1
586	2
587	4
588	7
589	9
590	6
591	4
592	6
593	6
594	5
595	6
596	5
597	3
598	5
599	5
600	3
601	4
602	3
603	3
604	1
605	4
606	7
607	5
608	2
609	6
610	3
611	7
612	3
613	3
614	3
615	5
616	4
617	4
618	3
619	4
620	4
621	5
622	4
623	7
624	4
625	4
626	1
627	4
628	8
629	4
630	5
631	7
632	2
633	4
634	5
635	6
636	2
637	3
638	2
639	4
640	9
641	10
642	4
643	4
644	4
645	8
646	9
647	6
648	4
649	4
650	4
651	4
652	5
653	8
654	6
655	6
656	4
657	4
658	8
659	5
660	5
661	6
662	10
663	6
664	3
665	6
666	1
667	4
668	4
669	8
670	5
671	11
672	6
673	1
674	6
675	8
676	1
677	7
678	2
679	3
680	6
681	3
682	3
683	1
684	1
685	6
686	4
687	1
688	9
689	7
690	2
691	7
692	0
693	8
694	4
695	3
696	7
697	5
698	5
699	5
700	1
701	5
702	3
703	7
704	1
705	6
706	3
707	8
708	2
709	4
710	9
711	6
712	4
713	9
714	5
715	2
716	8
717	8
718	5
719	2
720	6
721	14
722	4
723	6
724	6
725	2
726	0
727	3
728	3
729	0
730	1
731	2
732	3
733	3
734	1
735	4
736	5
737	4
738	7
739	2
740	6
741	4
742	3
743	2
744	4
745	6
746	6
747	2
748	0
749	5
750	9
751	3
752	7
753	4
754	4
755	0
756	6
757	4
758	3
759	3
760	4
761	2
762	1
763	1
764	3
765	3
766	4
767	4
768	1
769	0
770	0
771	0
772	0
773	0
774	0
775	0
776	0
777	0
778	0
779	0
780	0
781	0
782	0
783	0
784	0
785	0
786	0
787	0
788	0
789	0
790	0
791	0
792	0
793	0
794	0
795	0
796	0
797	0
798	0
799	0
800	0
801	0
802	0
803	0
804	0
805	0
806	0
807	0
808	0
809	0
810	0
811	0
812	0
813	0
814	0
815	0
816	0
817	0
818	0
819	0
820	0
821	0
822	0
823	0
824	0
825	0
826	0
827	0
828	0
829	0
830	0
831	0
832	0
833	0
834	0
835	0
836	0
837	0
838	0
839	0
840	0
841	0
842	0
843	0
844	0
845	0
846	0
847	0
848	0
849	0
850	0
851	0
852	0
853	0
854	0
855	0
856	0
857	0
858	0
859	0
860	0
861	0
862	0
863	0
864	0
865	0
866	0
867	0
868	0
869	0
870	0
871	0
872	0
873	0
874	0
875	0
876	0
877	0
878	0
879	0
880	0
881	0
882	0
883	0
884	0
885	0
886	0
887	0
888	0
889	0
890	0
891	0
892	0
893	0
894	0
895	0
896	0
897	0
898	0
899	0
900	0
901	0
902	0
903	0
904	0
905	0
906	0
907	0
908	0
909	0
910	0
911	0
912	0
913	0
914	0
915	0
916	0
917	0
918	0
919	0
920	0
921	0
922	0
923	0
924	0
925	0
926	0
927	0
928	0
929	0
930	0
931	0
932	0
933	0
934	0
935	0
936	0
937	0
938	0
939	0
940	0
941	0
942	0
943	0
944	0
945	0
946	0
947	0
948	0
949	0
950	0
951	0
952	0
953	0
954	0
955	0
956	0
957	0
958	0
959	0
960	0
961	0
962	0
963	0
964	0
965	0
966	0
967	0
968	0
969	0
970	0
971	0
972	0
973	0
974	0
975	0
976	0
977	0
978	0
979	0
980	0
981	0
982	0
983	0
984	0
985	0
986	0
987	0
988	0
989	0
990	0
991	0
992	0
993	0
994	0
995	0
996	0
997	0
998	0
999	0
1000	0
1001	0
1002	0
1003	0
1004	0
1005	0
1006	0
1007	0
1008	0
1009	0
1010	0
1011	0
1012	0
1013	0
1014	0
1015	0
1016	0
1017	0
1018	0
1019	0
1020	0
1021	0
1022	0
1023	0
